es.rss check: {'rss': 0.8318186185679721, 'pooled': True, 'rss_all': 0.8241935774779383, 'rss_by_stratum': {1: 0.8592970250474485, 2: 0.7776190701557736, 3: 0.8292157950805563, 4: 0.8720042749765932}}
all      n=20  min 0.5009  p10 0.6831  median 0.8161  p90 0.9359  max 0.9424  mean 0.8202
L1       n= 7  min 0.6671  p10 0.7548  median 0.8784  p90 0.9312  max 0.9424  mean 0.8507
L2       n= 8  min 0.5009  p10 0.6297  median 0.8134  p90 0.8948  max 0.9357  mean 0.7801
L3       n= 3  min 0.7744  p10 0.7797  median 0.8011  p90 0.8834  max 0.9040  mean 0.8265
L4       n= 2  min 0.7918  p10 0.8064  median 0.8646  p90 0.9228  max 0.9373  mean 0.8646

episode level    RSS   gap to oracle USD   harm USD  play s  fallback cpu_over
      3     2 0.5009         1.7843e+12  4.133e+12     55        0        0
     15     1 0.6671         9.3633e+11  2.704e+12     50        0        0
     17     2 0.6849         1.1073e+12  4.246e+12     56        0        0
     11     2 0.7479         7.2736e+11  5.219e+12     62        0        0
     10     3 0.7744         6.7410e+11  5.874e+12     51        0        0
     16     4 0.7918         5.8669e+11  8.595e+12     56        0        0
     18     3 0.8011         7.5702e+11  5.828e+12     56        0        0
      4     2 0.8089         2.9286e+11  4.219e+12     63        0        0
      2     1 0.8133         6.1192e+11  3.116e+12     64        0        0
      6     1 0.8142         7.5197e+11  3.822e+12     62        0        0
      0     2 0.8179         6.1144e+11  4.259e+12     69        0        0
      9     2 0.8676         6.5103e+11  4.919e+12     56        0        0
      1     2 0.8773         3.7270e+11  4.109e+12     52        0        0
      7     1 0.8784         2.2063e+11  2.760e+12     49        0        0
     19     3 0.9040         3.4747e+11  5.322e+12     59        0        0
     13     1 0.9160         3.1552e+11  3.045e+12     51        0        0
     14     1 0.9237         3.2455e+11  3.237e+12     57        0        0
      8     2 0.9357         1.9202e+11  4.166e+12     58        0        0
     12     4 0.9373         2.1666e+11  7.087e+12     61        0        0
      5     1 0.9424         2.4439e+11  2.915e+12     53        0        0
