per-episode RSS of mpc_final (baseline), full 995215227
all   n=20 min 0.692 p10 0.752 med 0.892 p90 0.925 max 0.928 mean 0.865
L1    n=10 min 0.764 p10 0.869 med 0.892 p90 0.918 max 0.925 mean 0.886
L2    n= 7 min 0.735 p10 0.821 med 0.902 p90 0.927 max 0.928 mean 0.880
L3    n= 2 min 0.692 p10 0.706 med 0.761 p90 0.817 max 0.831 mean 0.761
L4    n= 1 min 0.753 p10 0.753 med 0.753 p90 0.753 max 0.753 mean 0.753
excluded: []

ep  L   RSS     naive USD      oracle USD     agent USD      gap-to-oracle USD   harm USD
 0  3  0.6917       8.262e+12      5.473e+12      6.333e+12        8.6e+11      5.522e+12
12  2  0.7346       8.294e+12      4.833e+12      5.752e+12      9.185e+11       5.04e+12
17  4  0.7534        1.03e+13      6.261e+12      7.258e+12      9.968e+11      6.981e+12
15  1  0.7641       8.174e+12       4.63e+12      5.466e+12      8.359e+11      3.822e+12
10  3  0.8309       1.037e+13      7.438e+12      7.934e+12      4.957e+11      6.249e+12
 7  2  0.8783       5.531e+12      3.355e+12      3.619e+12      2.648e+11      4.254e+12
 3  1  0.8801       5.806e+12      3.078e+12      3.405e+12       3.27e+11      3.705e+12
 8  2  0.8814       6.963e+12        3.3e+12      3.734e+12      4.346e+11      4.316e+12
 4  1  0.8833       6.736e+12      4.546e+12      4.801e+12      2.556e+11      3.672e+12
16  1  0.8914       5.784e+12      2.479e+12      2.838e+12       3.59e+11      3.093e+12
 2  1  0.8921       6.981e+12      3.099e+12      3.518e+12       4.19e+11      1.657e+12
 1  1  0.8929        3.54e+12      2.103e+12      2.257e+12      1.539e+11      2.306e+12
18  2  0.9017        6.24e+12      3.366e+12      3.648e+12      2.824e+11      4.111e+12
11  1  0.9027       9.394e+12      4.673e+12      5.132e+12      4.595e+11      1.623e+12
 9  1  0.9083       8.114e+12      5.172e+12      5.441e+12      2.697e+11      3.775e+12
14  2  0.9101       6.123e+12      3.069e+12      3.344e+12      2.746e+11      4.957e+12
 6  1  0.9167       5.171e+12      1.647e+12      1.941e+12      2.935e+11      3.264e+12
19  1  0.9250       7.366e+12      2.225e+12      2.611e+12      3.857e+11      2.206e+12
13  2  0.9259       7.934e+12      2.803e+12      3.184e+12      3.804e+11      4.678e+12
 5  2  0.9284       7.651e+12      4.616e+12      4.833e+12      2.173e+11      5.047e+12
