
small: P(open at +1, +2, +4, +8, +12 | closed for d weeks)  [n weeks]   and | open now
  chk_hormuz   open now: 1.00 1.00 0.99 0.99 0.99
               d=1: 0.28 0.40 0.50 0.50 0.53  [57]
               d=2: 0.20 0.28 0.33 0.35 0.38  [41]
               d=3: 0.12 0.15 0.21 0.25 0.27  [33]
               d=5: 0.04 0.07 0.11 0.11 0.16  [28]
               d=8: 0.01 0.02 0.04 0.08 0.11  [790]
  chk_malacca  open now: 1.00 0.99 0.99 0.99 0.98
               d=1: 0.15 0.26 0.32 0.33 0.36  [112]
               d=2: 0.13 0.18 0.20 0.21 0.26  [93]
               d=3: 0.06 0.07 0.07 0.11 0.16  [81]
               d=5: 0.01 0.01 0.04 0.09 0.13  [75]
               d=8: 0.01 0.02 0.03 0.05 0.07  [2483]
  chk_suez     open now: 1.00 0.99 0.99 0.99 0.99
               d=1: 0.33 0.57 0.62 0.67 0.69  [75]
               d=2: 0.36 0.46 0.47 0.53 0.58  [50]
               d=3: 0.16 0.16 0.25 0.32 0.40  [32]
               d=5: 0.04 0.11 0.19 0.28 0.33  [27]
               d=8: 0.01 0.03 0.05 0.09 0.11  [631]
  chk_cape     open now: 1.00 1.00 1.00 1.00 1.00
               d=1: 0.59 0.82 0.93 1.00 1.00  [41]
               d=2: 0.59 0.82 0.93 1.00 1.00  [16]
               d=3: 0.59 0.82 0.93 1.00 1.00  [6]
               d=5: 0.59 0.82 0.93 1.00 1.00  [2]
               d=8: 0.59 0.82 0.93 1.00 1.00  [0]
  chk_taiwan   open now: 1.00 0.99 0.99 0.98 0.98
               d=1: 0.15 0.25 0.28 0.31 0.31  [79]
               d=2: 0.12 0.15 0.18 0.19 0.20  [67]
               d=3: 0.03 0.05 0.09 0.11 0.12  [59]
               d=5: 0.04 0.05 0.05 0.09 0.08  [56]
               d=8: 0.01 0.01 0.03 0.06 0.09  [1728]
  chk_panama   open now: 1.00 1.00 1.00 1.00 1.00
               d=1: 0.54 0.83 0.94 0.97 1.00  [37]
               d=2: 0.54 0.83 0.94 0.97 1.00  [16]
               d=3: 0.54 0.83 0.94 0.97 1.00  [6]
               d=5: 0.54 0.83 0.94 0.97 1.00  [2]
               d=8: 0.54 0.83 0.94 0.97 1.00  [0]
  chk_turkish  open now: 1.00 1.00 1.00 1.00 0.99
               d=1: 0.55 0.86 0.92 0.97 0.97  [38]
               d=2: 0.55 0.86 0.92 0.97 0.97  [16]
               d=3: 0.55 0.86 0.92 0.97 0.97  [5]
               d=5: 0.55 0.86 0.92 0.97 0.97  [3]
               d=8: 0.55 0.86 0.92 0.97 0.97  [8]

full: P(open at +1, +2, +4, +8, +12 | closed for d weeks)  [n weeks]   and | open now
  chk_hormuz   open now: 1.00 0.99 0.99 0.99 0.99
               d=1: 0.34 0.50 0.57 0.62 0.64  [121]
               d=2: 0.24 0.29 0.40 0.44 0.43  [80]
               d=3: 0.08 0.15 0.23 0.30 0.33  [61]
               d=5: 0.08 0.10 0.14 0.20 0.24  [51]
               d=8: 0.01 0.02 0.04 0.07 0.10  [2303]
  chk_malacca  open now: 1.00 0.99 0.99 0.99 0.99
               d=1: 0.25 0.42 0.47 0.51 0.54  [139]
               d=2: 0.23 0.27 0.32 0.35 0.41  [103]
               d=3: 0.05 0.09 0.16 0.20 0.27  [78]
               d=5: 0.04 0.07 0.11 0.17 0.22  [70]
               d=8: 0.01 0.02 0.03 0.06 0.08  [3416]
  chk_suez     open now: 1.00 1.00 0.99 0.99 0.99
               d=1: 0.37 0.47 0.59 0.63 0.68  [119]
               d=2: 0.16 0.28 0.39 0.44 0.50  [75]
               d=3: 0.14 0.24 0.29 0.37 0.39  [63]
               d=5: 0.04 0.06 0.12 0.22 0.26  [48]
               d=8: 0.01 0.02 0.03 0.06 0.09  [2289]
  chk_cape     open now: 1.00 1.00 1.00 0.99 0.99
               d=1: 0.59 0.85 0.94 0.99 0.99  [87]
               d=2: 0.64 0.78 0.94 0.97 0.97  [36]
               d=3: 0.64 0.78 0.94 0.97 0.97  [13]
               d=5: 0.64 0.78 0.94 0.97 0.97  [5]
               d=8: 0.64 0.78 0.94 0.97 0.97  [8]
  chk_taiwan   open now: 1.00 0.99 0.99 0.98 0.98
               d=1: 0.25 0.38 0.43 0.43 0.44  [157]
               d=2: 0.17 0.23 0.24 0.25 0.28  [118]
               d=3: 0.07 0.09 0.11 0.13 0.13  [98]
               d=5: 0.01 0.02 0.02 0.05 0.05  [87]
               d=8: 0.01 0.01 0.03 0.05 0.08  [4609]
  chk_panama   open now: 1.00 1.00 0.99 0.99 0.99
               d=1: 0.60 0.83 0.97 0.99 1.00  [95]
               d=2: 0.58 0.84 0.95 1.00 1.00  [38]
               d=3: 0.58 0.84 0.95 1.00 1.00  [16]
               d=5: 0.58 0.84 0.95 1.00 1.00  [3]
               d=8: 0.58 0.84 0.95 1.00 1.00  [0]
  chk_turkish  open now: 1.00 1.00 1.00 1.00 1.00
               d=1: 0.66 0.82 0.94 1.00 1.00  [74]
               d=2: 0.48 0.80 0.92 1.00 1.00  [25]
               d=3: 0.48 0.80 0.92 1.00 1.00  [13]
               d=5: 0.48 0.80 0.92 1.00 1.00  [3]
               d=8: 0.48 0.80 0.92 1.00 1.00  [1]
wrote agents/mpc_clim/climate.json
